000000000000000000000000000000000000000000000000000000
011000000000000000000000000000000000000000000000000110
001000000000000000000000000000000000000000000000000100
001010000000000000000000001100000000000000000000010100
000110000000010000000000001100000000000011000000011000
000000000000110000000000000000000000000010100000000000
000000000001100000000000000000000000000000100000000000
000000000000110011000000000000000000000011100000000000
000000000000000000000000000000000000000000000000000000
000000000000000000000000000000000000000000000000000000
000000000000000000000000000000000000000000000000000000
000000000000110011000000000000000000000011100000000000
000000000001100000000000000000000000000000100000000000
000000000000110000000000000000000000000010100000000000
000110000000010000000000001100000000000011000000011000
001010000000000000000000001100000000000000000000010100
001000000000000000000000000000000000000000000000000100
011000000000000000000000000000000000000000000000000110
000000000000000000000000000000000000000000000000000000