00000000000000000000000000000000000000000000000000
00000000000000000000001100001100000000000000000000
00000000000000000000001010010100000000000000000000
00000000000000000000000010010000000000000000000000
00000000000000000000000100001000000000000000000000
00000000000000000000000100001000000000000000000000
00000000000000000000000100001000000000000000000000
00000000000000000000000001100000000000000000000000
00000000000000000000000000000001110000000000000000
00000000000000000000000000000001110100000000000000
00000000000000000000000000000000101010000000000000
00000000000000000000000000111000010010000000000000
00000000000000000000000000000000001100000000000000
00000000001100000000000010000010000000000000000000
00000000010010000000000010000010000000000000000000
00000000101010000000000010000010000000000000000000
00000000100100000000000000000000000000000000000000
00000001000000000000000000111000000000000000000000
00000000101000000000000000000000000000000000000000
00000000000000000000000000000000000000000000000000
01100000000000000000000000000000000000000000000000
01001110000100000000000000000000000000000000000000
00110000011011000000000000100000000000000000000110
00000001000100000000000011011000000100000001110010
00000001000000000000000000100000000100000000001100
00110000000000000000000000000000000100000010000000
01001110000000000000000000000000000000000010000000
01100000000000000000000000000001110001110000001100
00000000000000000000000000000000000000000001110010
00000000000000000000000000000000000100000000000110
00000000000000000000000000000000000100000000000000
00000000000000000000000000000000000100000100000000
00000000000000000000011100000000000000011010000000
00000000000000000000000000000000000000100000000000
00000000000000000001000001000000000001010010000000
00000000000000000001000001000000000001001000000000
00000000000000000001000001000000000000110000000000
00000000000000110000000000000000000000000000000000
00000000000001001000011100000000000000000000000000
00000000000001010000000000000000000000000000000000
00000000000000101100000000000000000000000000000000
00000000000000011100000000000000000000000000000000
00000000000000001100000110000000000000000000000000
00000000000000000000010000100000000000000000000000
00000000000000000000010000100000000000000000000000
00000000000000000000010000100000000000000000000000
00000000000000000000001001000000000000000000000000
00000000000000000000101001010000000000000000000000
00000000000000000000110000110000000000000000000000
00000000000000000000000000000000000000000000000000